1.39710 -3.31910 1.39270 1.99480 
1.00698 -3.17631 1.42469 1.64396 
2.67468 3.97719 -6.46821 0.67631 
2.33128 3.85304 -6.18088 0.52977 
2.94570 3.94410 -5.86270 0.02763 
3.31076 1.05130 -2.21660 3.08793 
3.65886 1.43826 -1.73819 2.46166 
3.18518 -1.92224 2.76821 6.50476 
5.28138 5.18366 -3.85059 6.84184 
4.22618 3.99796 -1.20949 6.73151 
3.71805 3.51997 0.77091 6.15437 
2.07725 -0.73033 5.67321 8.81647 
3.33405 0.74297 2.80141 8.36994 
4.86625 5.83957 -3.87649 8.19496 
5.39270 6.08789 -3.42036 7.77558 
5.38304 2.52669 0.98664 12.18588 
5.35282 3.57789 -0.41576 11.41219 
6.65942 3.32545 -1.17806 9.63639 
6.44511 4.02074 -2.05517 9.33986 
6.44106 3.39169 -1.41396 8.58169 
4.41006 1.53969 1.59814 8.57869 
3.98176 2.48950 2.67124 8.25759 
2.39136 0.27740 5.78954 8.37484 
3.66996 2.68610 1.21604 7.89857 
3.48128 1.98462 1.72786 7.89298 
5.60228 2.04050 -0.22114 6.53998 
6.11231 2.27641 -0.24141 5.77664 
6.32625 2.95928 -0.33794 4.58014 
4.97445 1.89978 2.00576 4.18016 
4.21549 1.60802 3.65636 3.34182 
5.63879 2.59714 1.29776 2.94701 
5.49550 3.68564 0.29386 2.45910 
5.90354 3.14350 0.82111 1.80050 
5.78548 2.75242 1.80334 1.37207 
5.10662 -1.36748 6.37234 5.51347 
5.81529 4.19272 2.32404 4.61047 
4.79589 3.08982 4.62404 4.01652 
6.35799 5.30192 0.36494 3.73680 
6.47515 4.69770 0.75081 3.79586 
7.30116 1.73660 2.03721 5.26056 
6.98313 2.72986 0.94251 4.37437 
6.86187 2.50639 1.41578 3.40413 
6.34387 2.24774 2.25663 2.44295 
4.14957 -2.30256 7.23263 5.16835 
5.82017 -0.21256 5.64863 4.45673 
7.25767 1.64984 1.62263 3.90546 
6.99130 0.91732 2.30154 3.87013 
8.75020 7.37972 -6.17576 3.55032 
10.45650 4.58412 -3.79776 5.89942 
10.72304 5.22974 -3.37762 5.00806 
10.38979 1.91894 1.13048 9.02006 
9.37809 1.01674 3.48108 8.59292 
8.67319 0.84500 5.26698 8.23173 
12.26269 7.41700 -5.25812 8.39554 
12.99779 5.68090 -3.76432 9.55374 
12.39729 4.68145 -1.55172 9.45634 
12.15855 2.59355 1.80048 10.12187 
11.59623 1.59205 4.07308 10.12792 
13.10403 8.91115 -3.82502 8.89902 
14.37073 6.09285 -1.39902 10.78522 
13.70708 6.13838 -1.21108 10.55075 
13.73239 6.31221 -1.09769 9.33095 
12.82832 2.94141 3.40101 13.02745 
12.59372 7.45661 1.28151 11.58265 
10.36582 3.36151 6.08521 13.69385 
9.04752 1.45981 9.39631 13.62878 
10.21422 2.88351 6.47221 12.96759 
14.71882 8.69611 -4.41449 13.49605 
14.31268 7.34691 -2.96439 14.05554 
